Solved :)
Length of path = 22 nodes

8 1 2 
9 3 4 
5 7 6 

9 1 2 
8 3 4 
5 7 6 

1 9 2 
8 3 4 
5 7 6 

1 2 9 
8 3 4 
5 7 6 

1 2 4 
8 3 9 
5 7 6 

1 2 4 
8 9 3 
5 7 6 

1 2 4 
9 8 3 
5 7 6 

1 2 4 
5 8 3 
9 7 6 

1 2 4 
5 8 3 
7 9 6 

1 2 4 
5 9 3 
7 8 6 

1 2 4 
9 5 3 
7 8 6 

9 2 4 
1 5 3 
7 8 6 

2 9 4 
1 5 3 
7 8 6 

2 4 9 
1 5 3 
7 8 6 

2 4 3 
1 5 9 
7 8 6 

2 4 3 
1 9 5 
7 8 6 

2 9 3 
1 4 5 
7 8 6 

9 2 3 
1 4 5 
7 8 6 

1 2 3 
9 4 5 
7 8 6 

1 2 3 
4 9 5 
7 8 6 

1 2 3 
4 5 9 
7 8 6 

1 2 3 
4 5 6 
7 8 9 
